4076cf,6342411,6181570
aa686c,9465788,8163739
20586f,9597270,8514392
4d726a,7902539,1683807
184167,1216128,4118729
2b6b5f,7293378,5262592
36faee,5972707,5196528
1af10e,4196052,80756
8bd4f3,10925911,7899360
219f75,965336,3719561
83c3c9,7256400,8301961
9ddc81,6544425,8941396
2c7698,10942176,3816825
2b607a,9080700,3902418
8935bb,8003456,3219365
0d2fd3,4786475,4339140
065419,10612396,558618
b7fab4,7987991,2387394
0d6dfd,7754900,6059895
d9d854,4773576,8230102
ea40dc,8069708,3673990
164fb0,8652352,3999940
4a54ca,11203356,8628310
d8623d,6179570,5842431
5d3224,3290441,3013187
fdccb6,1548179,355435
73ea3c,2179440,6792133
4c693f,3562728,2898000
a3c21b,8984057,8179276
ceee10,7694829,2456087
