0634ae,3561520,3904290
d49128,4398430,5552435
e03b51,12134415,3481295
856382,8258290,4528950
ed5d5f,3917180,5990400
f6fa6f,8150010,1810900
992d06,7814780,3931235
443f4a,4908165,6602705
dbdf50,8240025,6801145
50d383,2697915,4576295
1049db,10205290,2953605
9ee7dc,3795810,1883870
076619,8961795,3067600
08bd25,1220850,4020885
8bbe52,7960645,6083660
8e8da4,7583400,3898045
da6f5f,8721250,8449925
f29819,9066585,5307065
3d3fb9,1434105,3348950
f9aa88,3828120,2026370
2cdaa7,5873500,7155925
e0b1dd,11682845,6035335
f80485,440720,4420020
9f7973,1906080,6254415
58a888,5605405,6379865
719eb7,4870465,2219295
9aa85d,5735700,6699530
0d33fe,4348515,2271375
8496d0,6154290,3161115
d08c9d,993290,6234055
